router00=[         0          0          0          0          0          0          0          0          0          0
       133        206        138        202        137        196        130        190        150        195
         0          0          0          0          0          0          0          0          0          0
       640        682        655        662        666        658        761        737        678        684
         0          0          0          0          0          0          0          0          0          0
];
router01=[         0          0          0          0          0          0          0          0          0          0
       160        168        167        168        160        177        161        158        160        153
         0          0          0          0          0          0          0          0          0          0
       424        456        428        449        434        446        456        441        426        443
        53         62         72         59         54         57         94         74         53         68
];
router02=[         0          0          0          0          0          0          0          0          0          0
       146        192        147        190        145        185        142        184        145        175
         0          0          0          0          0          0          0          0          0          0
       227        220        232        213        234        207        239        201        232        205
        53         44         44         46         44         51         59         55         54         64
];
router03=[         0          0          0          0          0          0          0          0          0          0
       166        169        169        166        167        165        165        161        169        153
         0          0          0          0          0          0          0          0          0          0
         0          0          0          0          0          0          0          0          0          0
        62         56         61         53         54         43         61         52         49         66
];
router04=[         0          0          0          0          0          0          0          0          0          0
        65        161         67        159         65        153         66        148         65        144
         0          0          0          0          0          0          0          0          0          0
         0          0          0          0          0          0          0          0          0          0
        65         51         48         53         53         45         66         55         51         60
];
router05=[         0          0          0          0          0          0          0          0          0          0
        56        156         58        153         56        147         58        144         59        142
         0          0          0          0          0          0          0          0          0          0
         0          0          0          0          0          0          0          0          0          0
        66         51         56         63         62         74         50         63         53         50
];
router06=[         0          0          0          0          0          0          0          0          0          0
        71        150         74        148         74        140         74        137         72        132
         0          0          0          0          0          0          0          0          0          0
         0          0          0          0          0          0          0          0          0          0
        41         46         55         68         64         72         53         62         56         63
];
router07=[         0          0          0          0          0          0          0          0          0          0
        73        149         77        146         73        142         72        137         75        134
         0          0          0          0          0          0          0          0          0          0
         0          0          0          0          0          0          0          0          0          0
        53         62         62         48         50         68         57         54         64         55
];
router08=[         0          0          0          0          0          0          0          0          0          0
        37         76         38         73         38         71         38         68         38         67
         0          0          0          0          0          0          0          0          0          0
         0          0          0          0          0          0          0          0          0          0
        54         57         61         59         59         59         45         56         52         47
];
router09=[         0          0          0          0          0          0          0          0          0          0
        20         86         22         86         21         84         20         81         19         80
         0          0          0          0          0          0          0          0          0          0
         0          0          0          0          0          0          0          0          0          0
        47         55         40         51         43         59         54         46         63         53
];
router10=[         0          0          0          0          0          0          0          0          0          0
        22         94         23         94         23         90         22         88         22         87
         0          0          0          0          0          0          0          0          0          0
         0          0          0          0          0          0          0          0          0          0
        64         53         52         52         51         47         42         48         39         59
];
router11=[         0          0          0          0          0          0          0          0          0          0
        24         81         26         80         25         78         26         74         26         74
         0          0          0          0          0          0          0          0          0          0
         0          0          0          0          0          0          0          0          0          0
        61         70         57         56         37         69         51         47         58         58
];
router12=[         0          0          0          0          0          0          0          0          0          0
         0          0          0          0          0          0          0          0          0          0
         0          0          0          0          0          0          0          0          0          0
         0          0          0          0          0          0          0          0          0          0
        49         62         56         59         43         50         53         49         62         61
];
router13=[         0          0          0          0          0          0          0          0          0          0
         0          0          0          0          0          0          0          0          0          0
         0          0          0          0          0          0          0          0          0          0
         0          0          0          0          0          0          0          0          0          0
        47         53         47         58         58         42         56         63         45         50
];
router14=[         0          0          0          0          0          0          0          0          0          0
         0          0          0          0          0          0          0          0          0          0
         0          0          0          0          0          0          0          0          0          0
         0          0          0          0          0          0          0          0          0          0
        52         65         54         50         53         62         62         67         52         48
];
router15=[         0          0          0          0          0          0          0          0          0          0
         0          0          0          0          0          0          0          0          0          0
         0          0          0          0          0          0          0          0          0          0
         0          0          0          0          0          0          0          0          0          0
        42         48         57         61         49         58         49         48         45         57
];

router=router00+router01+router02+router03+router04+router05+router06+router07+router08+router09+router10+router11+router12+router13+router14+router15;

P=5;
V=10;
N=16;

rho=sum(sum(router))/(P*V*N*110014)